-87.03717087066046	29.279859027100628	0.0
49.84036695491682	38.1499488174959	-0.0
-6.178197021103088	-20.26593912819081	-3.213706371737077E-277
-70.90954980120253	-79.5015177369396	-0.0
-55.26254891863677	-59.07795116008466	0.0
-8.4094425196256	17.202088617311176	-6.323873666113217E-146
-49.37252679974616	4.546380420081931	0.0
72.95127933947708	-37.19547567456404	0.0
-82.47379769875269	95.25642755627956	-0.0
-14.383302266568478	-6.144918705625599	3.5318436249451953E-172
-93.84866650215004	14.64580877131283	0.0
-43.111444277087976	-4.33887616788148	0.0
-67.97848269079225	38.51277636654663	-0.0
44.79816816928553	-28.14075075036665	0.0
-86.84963340269988	-37.316435459907424	-0.0
-70.41259291974387	92.42887461634908	0.0
8.060942659420789	-40.546342467344836	-0.0
53.02280567188643	39.07271794277	0.0
-96.20524688735964	86.77027877297522	0.0
74.70591824081168	-16.987566856354164	0.0
-52.29017695367657	-60.703430811495146	-0.0
-84.27903264335434	-53.652233881566524	-0.0
85.60235557752486	-8.934900482273662	-0.0
-78.24262633476584	74.89410601188638	0.0
-80.89254428277512	98.75952557150305	0.0
88.14980135005973	-29.118504288852932	0.0
44.20441877761502	75.04911573746045	-0.0
21.104608526049105	-96.53454126354518	-0.0
-77.39037759114782	37.040293921999194	0.0
-19.982642275189946	84.64931282661115	0.0
100.54286900708075	14.012793203118292	-0.0
25.220025039916962	100.9060495548824	-0.0
99.29128164087103	-8.205476754969709	0.0
-1.1544903808537015	52.53368042354552	0.0
-22.527935927049455	47.768189132099025	-0.0
58.97554348714493	-10.9900066853602	-0.0
70.93950509446628	75.12476275733601	0.0
-80.04892530648831	-38.37229943183515	0.0
-56.24833086750473	15.232229205060136	0.0
-59.1740024956633	1.170970285143909	0.0
-76.48186981046649	13.251366422687965	-0.0
-11.796573380836293	32.11659084681875	-0.0
69.83984231700504	31.076918645956766	-0.0
83.28466038910204	-18.53508763896697	0.0
-34.72083592856298	24.888292755955533	0.0
-82.3559790040951	31.0658600196694	-0.0
47.80228670556133	-38.07942426085808	0.0
-82.39755161776978	-75.28937918144494	-0.0
25.14482716854353	44.768478767428576	-0.0
8.203321733609485	-25.656406919529545	0.0
-91.39617026764097	-42.8654323085817	0.0
41.88543871744872	63.584550701056116	0.0
-68.44366563043702	88.89130682959129	-0.0
-92.80097464486917	-53.8738811724562	0.0
20.036198111354835	31.22766166411799	-0.0
-77.64839974876244	41.42880475511976	-0.0
74.75763551832227	21.418086417575353	0.0
100.8366435296862	87.73806058422647	-0.0
-13.624194890850347	-73.6781482612553	0.0
87.3487611247443	-37.25590968026565	-0.0
-48.26918249722138	-15.019469148751512	-0.0
-55.15880522928364	-0.9154905595416665	-0.0
-93.26911135044561	-68.26727516549133	-0.0
-35.397615035246744	65.12574563396322	-0.0
-70.42709275111714	-27.370554167140966	0.0
13.389761396070767	100.19066291974144	-0.0
-35.020182436311515	18.78715950414221	0.0
-51.268641461323355	72.18429798485397	0.0
-87.98751004917003	91.79114029562692	0.0
61.62832037661116	-8.919997910308027	0.0
95.29890628508085	72.09717594563313	0.0
28.669404531151656	-34.69346818572359	-0.0
93.18078588765468	40.05365708821935	0.0
37.26231582130646	13.778238765235955	-0.0
79.99727019563662	9.723546101109108	-0.0
-8.279668144286944	-10.015000862789421	-5.118604776076906E-133
37.19664209375571	79.63359066316897	0.0
-20.304254236816718	39.748738683656114	0.0
-65.01472286142152	77.35977767381763	-0.0
29.840286897550754	59.22652999247751	-0.0
100.66343630313611	57.85008801126662	-0.0
-38.86182022538389	-74.94670266196911	-0.0
34.20348633175436	-86.6870498921744	0.0
-63.170763473787716	-0.1905805328753587	-0.0
-11.06947795895725	32.23722541167771	-0.0
-35.40177447239297	51.187969669211924	0.0
-98.00655830688214	-26.900126336759456	-0.0
7.647254246481424	18.88348877661541	-7.483480618076217E-118
-50.400401902883246	-29.5777846363669	0.0
75.00908478889801	-31.534893560552888	-0.0
95.38652193203791	95.62838530371533	-0.0
-37.23135492890556	71.05014782464727	0.0
65.7078675621043	73.16753136366549	-0.0
90.39696159669933	-17.17044739617684	-0.0
-94.15137010916875	40.15586634968926	0.0
26.76888152489488	-12.097975815580426	0.0
-34.41367495495811	-43.3370949321927	0.0
-10.35387150477115	90.90190901646505	-0.0
-50.1817631297574	-84.92112890836174	0.0
50.44643599702866	-76.34248790277664	-0.0
55.24128667279476	72.2067338486996	0.0
9.8339329925807	-87.95253396304616	0.0
-28.80662578929909	-41.122795098452045	-0.0
-9.366588619586125	38.020032994970705	0.0
-1.9315363498996305	26.931059623737298	-8.70267355231794E-259
-63.77070755917665	39.405616251907986	0.0
11.926846952248908	-59.355205686897015	0.0
16.37095445114521	-97.65129220473804	-0.0
65.73253673998704	-57.647728826859954	0.0
-38.92273298285988	-84.1726305387248	0.0
-19.60765489192879	-46.838788841242085	0.0
-72.7399348517352	14.608722836766162	-0.0
-51.364508851367724	-46.87185344749976	0.0
70.54571128927341	35.92325024497006	0.0
66.75908056192324	40.627763155774346	-0.0
33.259985684242366	62.68398352771351	0.0
-87.6363291265157	-42.38865866789989	0.0
17.246561423599317	-26.581592395882637	0.0
81.86236579844675	85.78528231159427	0.0
-85.83178706776071	65.39889984587197	-0.0
-46.912450530228504	70.77642252197185	-0.0
-51.91306291346768	32.498992190936264	0.0
-84.95239662226237	-33.674668195162724	-0.0
67.0516578974217	-96.35027497456181	-0.0
18.24097617977108	16.390997640004457	3.542853065565766E-176
63.30292224815861	10.393252552497827	0.0
52.29356617774911	27.549858199209353	-0.0
4.2273684430358855	-82.48613332966973	0.0
4.661965824321243	49.014613039804544	0.0
-59.878140870850984	96.3018725040306	-0.0
-84.90027705115497	-98.91137986486524	-0.0
37.41967815687778	8.613756346953608	0.0
21.216198847631745	45.31026217796881	0.0
24.87117667196175	-68.5146592364785	-0.0
-16.470519339167055	-65.38923923057213	-0.0
-23.77964414454435	65.31959271103594	0.0
-93.76960295159775	51.48581949058067	-0.0
60.26922178297875	71.5783001288352	-0.0
45.71805938592317	-44.36983530697234	0.0
-23.20427308140256	9.033444014375206	-9.731265E-318
-16.75679568196034	52.67402772292934	-0.0
-79.10270561673852	10.941757726504875	-0.0
-23.846625934090696	35.31956224820411	0.0
-28.346590607009986	-69.08620031672143	0.0
-91.70175080865191	7.907169455250894	-0.0
92.4352857797441	-47.0333293529181	-0.0
13.42649371242662	82.01584570333225	-0.0
11.258646502427311	47.509614599223255	0.0
-18.816215500496014	-68.2328823716062	-0.0
-80.39959606377894	-48.07738637344942	0.0
60.76086541684589	-86.01984800518989	-0.0
-7.334104215592475	53.29638288309175	0.0
-81.36406966302644	51.64254775588847	-0.0
-33.606201151759606	-41.21645461550586	-0.0
31.00873597686237	2.8605770891287534	0.0
-7.316525061305171	4.491028614537498	5.756817864830188E-50
35.587061308034265	12.470278462289954	0.0
-27.4102919814501	81.34985332116398	0.0
92.73923545066302	71.93089731744618	0.0
9.657823369076596	56.94780734882292	0.0
81.08706590918788	-76.67531075160329	-0.0
-25.563751490995728	-80.2050117156885	-0.0
62.37376674469877	84.6806852861674	0.0
-51.18526192861481	70.6382783460788	-0.0
56.32462116757077	-14.178982875172636	0.0
-13.02268697544055	79.6161913719624	0.0
-69.20821085021663	-70.35394978384524	-0.0
25.640586715191716	-15.943067701408012	0.0
-87.43673027131983	-20.06936487050723	-0.0
-79.5453896257074	-81.8233270960814	0.0
75.28566910159392	-31.53922438289746	-0.0
41.216735055920736	-37.479512905124984	0.0
-92.26598490603699	2.834098795221223	-0.0
93.04361931345767	76.7421435976378	-0.0
53.94666139997807	-89.86560934650477	-0.0
-41.67999447346677	-71.6893230020882	-0.0
-62.15879047235915	-58.96175636063478	0.0
-18.809244658200583	-95.91165634215234	0.0
15.626645711031031	25.300024634833292	1.1461240705443533E-281
5.025170706216642	10.47008396121133	2.1044931034466526E-26
22.858982366691052	-94.13834688554218	0.0
33.36691207447282	64.59835803469053	-0.0
16.28312679393646	-17.20203966769043	-1.1670647692973277E-256
-22.799985038033185	72.27332794200964	-0.0
30.45368834599128	-3.4264532002273853	0.0
-31.627642132522055	-71.56928862653074	0.0
93.15805875402557	-51.69353141566846	-0.0
-86.84485513859369	61.48972146231688	-0.0
21.081300217590126	72.41123723599964	-0.0
-8.275608404089525	57.55569207788352	0.0
73.57519102813484	67.96764536944119	0.0
19.148999904238607	-39.090835492159776	-0.0
-78.78853534102629	25.347448934623657	0.0
-94.36310514939028	-50.89737906899027	-0.0
-70.4007570301186	-11.296525249684521	-0.0
-40.438118849723544	70.71092452476952	-0.0
-96.57869095616398	84.10527804213842	-0.0
3.562820811686535	-61.961613799321604	0.0
-64.87040630821006	-76.38788894399758	0.0
2.109447219410825	-54.141558906690555	-0.0
64.9859137072651	9.270206035909439	-0.0
-50.1004594102562	-83.45415213963881	0.0
74.21075216753204	-96.25435160062302	0.0
-95.83542912296512	-56.45543945421413	0.0
-87.83803234272175	-32.406992328327064	-0.0
-61.415021784549644	-73.76104154431943	0.0
100.06739354212215	23.635441241683452	-0.0
-24.674994283502656	-88.27498331199997	-0.0
-47.90123989208298	95.24801898397342	0.0
4.532920446837338	-78.90711854693792	-0.0
-96.86144335777533	-40.01104087073995	-0.0
-88.33346999470957	-86.96720178227258	-0.0
-11.360271044531657	75.80703169966236	-0.0
-16.21903967073358	25.852956888521177	0.0
58.74733166789284	-56.16457472180051	0.0
-17.869309837044753	15.818190110928626	1.701557345952946E-262
-8.415207176544499	12.710978351209036	8.863807100191865E-99
-9.59941153555134	-59.002513420239296	-0.0
-2.099481164951328	68.81549475311695	0.0
-45.98989946649703	-64.28996474942372	0.0
71.16180242350143	-63.113041315274174	0.0
-41.6141247953965	-85.29826750873815	-0.0
-49.33387993775659	-37.1338339442183	-0.0
-72.03442138393055	4.445108615657318	-0.0
-35.111095984039295	19.96509353902296	0.0
-94.66801057625429	-23.95529489627438	-0.0
-76.418464204922	17.77239783053092	-0.0
9.299564987035652	-23.899402903806347	0.0
27.00299496184421	-15.505428296353784	-0.0
-51.03216359708508	-53.39181462222935	0.0
-50.25082020438958	-72.47426209689922	0.0
-92.19152778976071	-73.6477901648155	-0.0
28.288403857283157	-13.27476795604069	0.0
-3.8881488341989012	50.27159682168903	0.0
29.42134149561184	-89.86794408109449	-0.0
-4.41996724486151	-7.257800429152553	2.5680040954804787E-73
-44.82463991787865	52.05151583573107	0.0
40.87592726840319	-50.36839813901683	0.0
-27.046768684970672	-68.05544725494059	0.0
-31.937952013086658	-91.3826275489667	0.0
-84.49184593340952	-41.85655837306998	-0.0
-50.38105483507407	5.073619019398805	-0.0
1.314953128312112	-45.20426068165301	-0.0
87.989679409134	33.803040556028265	0.0
-91.37929750352237	-77.03120394129789	-0.0
74.48009203563308	-97.73333734918187	0.0
-18.80664795728802	-76.5884746853059	-0.0
-41.830545668860395	-6.909995355884192	0.0
-52.22178210067949	46.825692535129804	-0.0
-36.28635948140497	75.27415180498784	-0.0
7.551686665639295	27.789513567462365	1.3535441315028444E-273
-4.062419180549	-5.991566017595588	9.947643229595744E-60
-8.787162175524685	-38.85047503851109	0.0
40.358404675097404	-69.50845462864787	0.0
98.68178454626303	21.20290153751644	-0.0
-80.77399426074093	-65.9576298377007	0.0
68.86679778253097	95.93376294188454	0.0
49.76648782959572	74.52541394734399	-0.0
-22.981375128052406	70.60308000160131	0.0
28.46609942867113	60.891404679277656	-0.0
17.82611977736819	54.41919797924811	0.0
7.787856595272558	-81.9986571719915	-0.0
55.8033055299405	29.104738871467447	0.0
-93.76432256569159	44.27329217365258	-0.0
-28.750884543402094	24.9477930753918	0.0
-8.767033659547636	40.454901480245496	-0.0
-98.44553860035444	-82.32909194470538	0.0
2.738871034380111	-24.800383375835736	0.0
86.9214566090144	18.25722563038771	-0.0
56.176268386618176	-37.4354722617387	-0.0
94.74427162332796	-38.00434742807205	-0.0
-65.81931404764822	93.36494695209313	0.0
48.21407453703148	39.75121821730167	-0.0
-85.92733930684133	-18.5354099732822	0.0
-98.74636891578659	66.5852714598434	-0.0
9.310731966869284	65.57451653024188	-0.0
87.16477925278576	24.921255102057586	-0.0
16.378185765233184	-13.311604702257625	1.2644995093185957E-194
-10.93435874765673	-88.68156128090752	0.0
-7.10366657532046	-70.82905230444408	0.0
13.386109843555474	-40.18951212248359	0.0
4.538203375709955	-43.37431670902651	0.0
98.26639303162801	-99.73513951983912	0.0
89.5433749877345	-32.232234215073746	0.0
83.67405175800783	57.15646258782334	0.0
-35.957456693269194	49.405330400640764	0.0
-3.842601672073812	66.92046996160943	-0.0
1.5692688722188848	-8.783021349249111	1.8148528678969074E-66
26.161784784440286	100.41489508050603	-0.0
18.790630546271487	-19.265755638458643	-0.0
75.70479746063873	-30.377302963101755	-0.0
5.704947243180726	8.583312703234341	1.0778062146205244E-16
-85.22664980991135	-39.10494282311136	0.0
-56.76485719201131	-42.40179028361555	0.0
-31.172873267153776	57.97930650399175	-0.0
-44.61406730215799	19.834101762643215	-0.0
54.84905149967793	-29.893886342999267	0.0
-3.65933574636027	-93.92291520598204	0.0
61.76211345591949	-53.89396186504432	0.0
10.24401694473633	-55.70317834913059	0.0
17.423763535768288	52.31639214059737	0.0
-47.13854104775227	1.0566973933967745	0.0
40.6041189615994	94.64854396039831	0.0
2.8953974533419142	-50.815287733431354	0.0
62.152345418040056	99.01840002910444	-0.0
-38.84455926987382	21.67937177020046	0.0
7.296921470074565	68.87818198310248	-0.0
97.60711535594078	-79.19198014064949	-0.0
39.68651102068975	84.97444448044021	-0.0
98.32564050149523	89.95807199790218	-0.0
-31.435658576020643	-41.02587041782942	0.0
22.89702444734374	21.227924831740594	-1.22909283323E-312
2.7064479014649123	-43.45267187880283	0.0
-45.21014913075622	83.27413318826012	0.0
85.66373088763703	-78.41472050138027	-0.0
53.284769733581584	-9.16837787695026	-0.0
100.71776388199879	77.61110449077464	0.0
44.592569937491874	52.016793708188914	0.0
49.58255975476217	-65.81199441249859	0.0
29.566622678316975	47.65005829288637	-0.0
35.08969772128333	59.73236932275796	-0.0
60.283861482102054	-88.34603022200676	0.0
-51.753654292069164	-13.5211471566289	-0.0
31.97071682332154	73.43368375832148	0.0
50.80260641375443	-71.26951040655528	0.0
6.620302894349592	95.3161091659365	-0.0
-83.41842331080348	-92.33408177799275	-0.0
69.45572738982517	-67.50840447254366	0.0
8.167354630067962	55.668523069961196	0.0
-73.37234949256168	-83.02915781860158	0.0
82.86039616718719	97.53978807394017	0.0
-48.861749281871894	-24.718902786431542	-0.0
-82.07920658665326	-28.20301122534886	0.0
-38.2176957248653	-97.65553155395231	0.0
-21.205846403832638	2.1900422235055146	-5.905141729572256E-259
81.0845321335741	-25.41044406638899	-0.0
57.34675836777254	-82.47953775903065	-0.0
-25.662622412258358	-53.50125154101007	0.0
99.61618210038438	-24.71460797100694	-0.0
-89.22033706949065	-88.54361518080023	-0.0
8.250508270812375	-68.04068455840499	0.0
-62.86576874151768	29.192084490981046	0.0
-65.03582625722579	92.014202466434	-0.0
69.46973722910315	70.23077594781563	-0.0
66.56785978804379	-99.20376859977225	0.0
35.86776412062912	17.836237242561424	0.0
-92.42833101324412	-14.516427891331034	-0.0
38.02648603559044	-61.777508767662745	-0.0
91.74879166064079	-34.17934039496245	-0.0
-26.001688355177507	-24.357969830313863	-0.0
-95.66792140408629	-32.62761381136227	-0.0
42.65398809439577	-90.13893765704697	0.0
-73.26472170892792	24.15583658073045	0.0
-54.432573174475955	-66.97899443011826	-0.0
39.10748351662656	-23.50555830886698	0.0
62.370126850137325	92.98195479919494	-0.0
-30.067767523569003	-33.1506600307103	0.0
7.793096103629907	43.10397818399463	-0.0
-84.10738714892162	-38.44065699264917	0.0
71.59369728771219	-36.32696508060815	0.0
-50.16041422518762	-11.291054490097395	-0.0
-93.48403587179133	-33.92248849438644	0.0
-47.195377622439416	-85.1242249524449	-0.0
-97.44556970418604	-5.306967813868937	0.0
5.9794537892997965	-27.780568629910306	0.0
7.334946032095274	54.40158523389454	0.0
-91.01408036027314	76.65953884819467	0.0
1.93285982951447	-82.66631378684505	0.0
-3.4925322412736364	-2.51456072498722	-7.465711375098532E-34
-78.42541133142606	65.25398314033541	-0.0
58.30276581935226	-71.33742700843234	-0.0
86.34396732486701	-60.37548029492026	-0.0
-38.51297828474269	23.976513728974552	-0.0
-49.28510281905215	-32.657414835600676	-0.0
-42.473279277708386	-76.91966200624225	-0.0
-29.327831402903186	-31.52776380988425	0.0
4.09104038868027	30.93282184005443	0.0
66.6902175702457	-11.756340391677881	0.0
55.30754235211725	75.21821999114968	-0.0
89.51372984199585	-32.526670150591855	-0.0
-81.11495246432075	10.065063957333905	0.0
94.63711527154214	-71.90617134505283	0.0
74.18014928064386	-86.03073202279882	0.0
97.75212306162393	53.096814408228425	-0.0
30.52294733454781	6.341167573722885	-0.0
-72.24723285612617	-35.1749456776237	-0.0
-59.96798177088863	-77.6476629241789	-0.0
-5.673370821566905	40.62641307030523	0.0
25.359022794540934	25.176036365030328	-0.0
-66.05919893207808	74.68842466371467	0.0
-39.30166881540847	-59.92507329770714	-0.0
-15.816048459272139	-17.100500359937186	-0.0
33.43447948674299	74.28340165651028	0.0
51.17260885528867	-94.5004931017246	-0.0
20.267579267123665	-64.72194923837928	0.0
-42.083691944653644	-61.0618016538097	-0.0
-37.37468189713803	30.700436477717915	-0.0
60.59767020197367	-24.585304493574753	0.0
47.982201574418696	-6.066735637835777	0.0
-41.565161780505285	14.334288530537705	-0.0
-19.897779845154687	60.88763452255566	0.0
35.23072240028068	-55.366924070942666	0.0
-83.16996165880757	74.05988187903827	-0.0
90.6687211063809	9.341103280625262	-0.0
2.19294760503891	49.680549362224156	0.0
-62.169875227690696	58.5446597199487	0.0
-2.8535873095722764	17.164059088160357	-1.085724366916408E-102
8.962490028721561	-38.863081294680065	0.0
-17.327654730348527	54.45047393521344	0.0
45.99692257212388	63.700664197028516	0.0
-77.50585394738664	-99.73849548225152	0.0
6.475772331253566	85.94603246454349	0.0
79.24841721740319	-6.519891734528088	0.0
69.5357566432493	73.91014402511067	-0.0
61.66795712707548	-44.109217390386235	-0.0
-24.02617400947085	-24.1497812615995	-0.0
9.176733847049718	98.1491662140997	-0.0
22.626807877806854	88.91890477490352	0.0
93.9916436556189	70.44022382424507	-0.0
-96.92699873353075	-89.81952005040004	-0.0
-71.15185731218138	-0.9458499827501186	0.0
-34.61665276432636	-95.61535003635757	0.0
-44.51216165380597	39.420702420899715	0.0
-44.782071710578485	48.63728168890421	0.0
48.54435534406517	37.03185400625074	0.0
92.35103943415498	-34.067194178543204	-0.0
-75.69245129079377	-53.96978782239657	0.0
26.765631418660703	-76.51236624221796	0.0
-19.50817323497023	43.47040871985379	-0.0
-80.11722234661167	-18.928099957334368	-0.0
-92.29843189173877	71.31160099754896	-0.0
-11.107662929380382	28.52347790693969	0.0
-86.55818799747459	61.91445313780949	-0.0
-79.14351010497249	-6.530705130431286	0.0
-13.496821035622034	-51.73117231736589	-0.0
78.86579854758247	-41.37002762196739	-0.0
-38.46206242837296	-48.022130456661394	0.0
-68.48568813337918	-28.736922813435385	0.0
-19.58848411498124	-37.35616468221474	-0.0
-70.30903335114627	44.27035243649496	-0.0
90.75468469446588	21.54633579767173	-0.0
-18.06159674841436	-10.587464794258466	2.1882913404696243E-278
-67.8511744263274	-19.234921736178535	-0.0
-80.80984412208483	39.11391796038063	-0.0
-25.191232816533244	35.27284512619616	0.0
-35.5157333315498	17.403928047036246	0.0
-95.47471868092522	20.468250930925493	0.0
-88.45694217955042	-17.308407329212244	-0.0
73.0438960908862	-74.64605537149882	0.0
72.3669937714339	41.123310096008765	-0.0
-27.158522726923294	84.9463129973789	-0.0
87.19779757800706	59.993207692731175	0.0
19.990965761372223	96.50884702300732	0.0
29.962508106348793	-10.20617280647258	0.0
-69.43568861313389	99.43248917937862	-0.0
84.7341157205822	71.62878976770537	-0.0
70.15067527596898	-78.29466832547268	0.0
-71.77728565842506	-34.92557820332367	-0.0
-11.228001535509918	35.229625029068586	0.0
70.63563784364666	-99.68103488434814	-0.0
23.248026106720502	-21.88047396664858	-0.0
75.22175199781788	36.16778123462126	-0.0
-55.563061151156134	-76.35782521854082	-0.0
-61.075565151937525	65.93276848679551	-0.0
78.28973063825484	42.220060463101674	-0.0
82.28087451695194	-7.833482976242237	-0.0
46.42014111252138	44.71898726982576	0.0
-77.05453709465462	-36.8303818151393	0.0
-51.916585542080576	-31.113499113806114	0.0
98.18514205554635	42.04063537650654	-0.0
3.8750390253170366	78.4643253241758	-0.0
-76.3319214212706	-6.255783459286491	-0.0
18.148004318084432	64.51002599689966	0.0
78.30387683941785	-14.563325479716198	-0.0
46.32683592512325	52.90417275093134	-0.0
-3.4955856305925437	37.24231515628878	0.0
-94.95413154272671	11.786424950286786	-0.0
73.19167711461316	-51.458710427061646	0.0
78.7598345448313	9.623724684334476	-0.0
0.556117897193829	-2.1409273909081463	4.3565061896825575E-16
-27.96385617849674	-90.63678185380769	-0.0
-44.49008855724588	62.62074885565812	-0.0
-10.603991440735854	98.8025328727417	-0.0
26.211488014990707	-80.37823489193525	-0.0
-73.81567407098426	49.85765815820835	0.0
95.13773364074643	-77.39670770842157	0.0
14.377583269691982	-37.38027828280708	0.0
80.09566777838594	-26.768644945837266	-0.0
31.17901859648356	-19.774171324151737	-0.0
15.857486295937477	-54.689594381559495	-0.0
54.86529629064441	-4.530634341119111	-0.0
-31.11740504920087	-52.51376005243468	0.0
23.066476237419963	19.64029003853048	7.77879663251435E-292
-3.613869198824929	-89.64522414417512	-0.0
90.94887503899221	51.29786605496719	0.0
92.63541062104386	90.80703113346817	-0.0
56.00782794119144	37.373484967854836	-0.0
19.15519774528147	-40.1070207934005	0.0
92.44601585387568	21.336989553353163	-0.0
-48.645868867485255	-12.781182962273178	0.0
-75.06995690491839	86.85961949795828	-0.0
77.46358088355043	55.5543516600647	0.0
33.38354579096466	-84.30265469781278	-0.0
4.080353468022338	-27.698337530464727	-0.0
-54.61029097766841	97.07279799181268	-0.0
-91.7296964945375	-99.580930372722	0.0
64.54599141828481	-57.14464685084167	0.0
-87.30276199078118	-97.23223135278612	0.0
-85.39024039262291	13.98763684657483	0.0
-35.75394278339985	-66.33535144300575	-0.0
-95.58416884004835	-97.36943081380956	0.0
-91.6547255121319	77.4480437714349	-0.0
-99.16631200770918	21.581047856832214	0.0
-33.842403926680035	-32.78060937828705	0.0
92.50334051366929	80.25777107106819	0.0
-6.670058633549317	-90.10649243657473	0.0
-76.13555199129667	-85.02965835910038	0.0
34.18584456721382	-93.77675143536047	0.0
21.001620485961638	-74.84645521292677	0.0
-92.91229459362295	17.222451995847237	0.0
91.91134405502802	-78.63644061988151	-0.0
-83.43180851777981	-3.2521955254969157	-0.0
-72.94478025794055	-34.09516355233487	-0.0
-59.27934768935911	60.30494806520625	-0.0
-66.75589653676967	55.53690423176664	0.0
-45.470650576984575	47.02906148080302	0.0
87.42196743870386	83.97662543905142	0.0
-71.29498322757138	-57.80722248916044	0.0
-51.728495993014675	-21.125763391718564	0.0
-36.646105548385755	26.773576475697368	0.0
-88.35795114002877	81.90049376545903	-0.0
26.813292882808867	96.25982955232752	-0.0
-38.15409870221685	-42.97786284545053	-0.0
-67.28513399218096	-72.95760598904516	-0.0
45.42545318919798	-80.34199416435388	-0.0
-41.24491088332753	-54.57903275920704	-0.0
-12.394039165060633	96.98719235200718	0.0
-38.3304393495315	-48.016126597213024	0.0
12.223480631359209	6.936015880791203	-6.313163970988041E-43
-80.71203395617255	-52.111233529534616	0.0
-32.20023976984396	94.91133471705038	-0.0
-33.6221753393214	-81.95182951366445	0.0
-36.309663596911854	19.09265986129023	-0.0
57.24789272866329	-0.2010938891681917	-0.0
-21.83129416379404	53.40268138144549	-0.0
-54.39645983489948	64.9553719403971	-0.0
83.84543050911108	61.720508499624515	0.0
100.06166938915817	7.546978580078289	-0.0
-93.56106344113887	-92.42439489457597	0.0
94.18639267344591	18.340851557950828	-0.0
-88.84018495872998	97.1333127802661	0.0
-75.33547892588604	7.507433048963122	-0.0
-3.7885119685572732	-5.252206537450007	1.4346510591363667E-52
-29.422291911712477	-2.798022076095748	-0.0
80.73112632933268	-82.52295443024583	-0.0
89.57868461291838	-53.35324002611694	-0.0
5.830126551107199	13.01686765657709	-2.6069790105838087E-46
-30.25941728183402	79.79019054790041	0.0
-95.61529798265443	-58.21699343692525	0.0
-44.83474822237104	-22.303146504425285	0.0
19.884630041902483	47.17662794522707	0.0
-42.06191952662926	64.90582162113748	-0.0
-16.704897305106243	51.93700861472175	-0.0
77.59275728071421	-45.52516548059685	0.0
41.04928583269785	69.74648143628934	0.0
-6.6731593209376285	-34.254571984696724	0.0
8.096696565740245	100.37498717076346	0.0
20.799521808889622	20.754542312580057	-8.811954498409598E-272
23.607794513169267	63.44794247022767	-0.0
-49.10253480821065	65.48370976051834	0.0
-96.20835214295998	37.10829474964822	0.0
-84.08897933468015	-60.770869927453546	-0.0
-63.22773790452486	100.14471444554218	-0.0
0.9373444480357023	-16.748912489007736	3.506848915584046E-175
-62.91713903772615	-32.78675041827813	-0.0
49.932107524665156	-24.310311018764196	-0.0
17.23069396942347	49.988148226065334	0.0
73.1284781276394	-22.759807980773658	-0.0
-46.80999302543705	-30.888598020525606	0.0
-25.26209268481375	25.833236890027905	-0.0
79.51218246497109	8.7693534371884	-0.0
-38.10489076458474	91.4062034437678	0.0
-59.42206278563788	14.739671701118382	-0.0
-25.754108755419153	28.811531240688538	0.0
-7.036224078922956	-67.15904217775815	0.0
-61.265325453265056	-35.114145208776804	0.0
18.434289245256892	47.37570573484845	0.0
-65.22986649656855	-35.738999085680646	-0.0
-26.647629231401197	10.9775959143454	0.0
88.174377691053	98.30649960833495	0.0
-55.60455807358035	59.33676286039824	0.0
-15.575971090909349	-33.009056522739485	-0.0
24.96222204814974	100.02924910680605	-0.0
78.20174249177049	41.72828241567839	-0.0
13.96860876045048	-92.67478229957486	0.0
43.86849218592195	-65.7049297536975	0.0
-78.77842383635428	28.085099829920324	-0.0
-71.71441854686138	2.536537475192972	-0.0
-14.651146489655943	0.1838201731494138	2.4846024948306436E-142
91.91309969595065	-77.88163928114818	-0.0
-53.430421508351714	-6.504429739220782	0.0
-3.132202076864374	26.801563006925164	-6.040112843906974E-262
-70.99240662676506	25.724892526829223	0.0
17.078649879743836	-28.751490902033012	-0.0
-51.927641083340475	16.230957984728548	-0.0
33.90906189025239	-51.88713561657645	-0.0
12.519876388342595	-28.662778481919673	0.0
82.98620067711792	-5.1793605847231845	-0.0
-51.7385344799978	-94.41826587871897	-0.0
-61.48905598680406	-85.65752615101059	0.0
-75.34908103643306	-50.48829125388246	-0.0
39.29354627775783	-13.820149808954056	0.0
-74.08899455060582	59.39535785824853	0.0
19.383512025009082	90.08516387508402	0.0
21.210158514056985	-40.410064021476764	-0.0
3.8565109091120746	-38.448484565441824	0.0
21.548968524971997	-17.601729415622273	0.0
-33.01871641875968	61.20017302008296	-0.0
-16.99646138110849	7.055827808891692	3.323810632081817E-184
-56.18776400452634	-72.65588832688263	0.0
99.774538877196	24.36564663478424	-0.0
-9.92002274039541	90.94137324048486	-0.0
-10.754969619081535	-1.2741789389473581	3.206662487689182E-94
-40.07433555850034	99.56219385758845	0.0
-89.52234688826975	-64.73187468735168	0.0
-0.26353008901772057	-89.39363329971428	-0.0
6.030751840353773	-72.51100933867014	0.0
90.1448253644898	60.50495660722001	-0.0
45.93133049042149	2.3800035493074745	-0.0
67.64649641257324	-93.47410160749172	-0.0
-4.863635166472207	-48.19369388019111	0.0
71.16766430121771	53.55929058590428	-0.0
-31.37530717981751	97.96972909090158	0.0
-75.06302840907965	-23.593998534272558	-0.0
-26.118075083875652	47.677628369811345	0.0
61.50295166981067	64.41084554829018	0.0
-39.21288034464617	-40.04688335484046	0.0
-19.232339764908644	-62.004310350466234	-0.0
-19.425456371275857	70.81569306106655	0.0
51.58746009779901	-64.49265745982453	0.0
6.7490271873744945	75.69703666000316	-0.0
-16.77402691032239	62.54079548460314	0.0
63.50727654228612	-56.41352204276732	-0.0
-97.99342746806184	-79.00647745058869	-0.0
50.226271302564584	-2.4935332620649007	0.0
-48.35009811842465	-52.88595293286229	-0.0
41.68243722041956	-23.294388857881998	-0.0
-45.678342316401746	89.32552996350725	0.0
-46.39491615389265	30.20473965124407	0.0
57.86792957982627	-79.10593823575743	0.0
-71.92486908888884	-86.00823971409176	-0.0
44.89872674524247	26.30816955272573	-0.0
22.2442514544676	-97.10900056136359	-0.0
86.52216870815536	-22.60335070545338	0.0
-91.25105697519979	-84.5227957978785	-0.0
29.88246803564917	39.077489658235436	-0.0
-56.01312513817449	42.11419163795719	0.0
-95.84620013883665	-68.97842412547323	0.0
65.55059396997945	98.32896373012093	-0.0
43.993370245701584	34.210483274815175	0.0
62.46542179047165	-5.830670121844989	-0.0
7.360091319795018	-7.290283507501613	-2.590351460587941E-56
5.653462722962459	54.382846928001214	0.0
-14.33990366094632	-14.335497675879608	-1.6681737410534364E-267
25.13449642450999	63.70785500802643	-0.0
92.70947947785592	-6.53811229803911	-0.0
22.041831803211537	-11.168795407038047	1.4442991534628964E-245
12.130301128497408	-50.07512977917154	-0.0
-91.47831095090311	86.9102598975829	0.0
-53.618813779975085	64.02368338665522	0.0
9.775885051058538	1.1668153839687676	5.735105829402444E-22
-18.34677034828269	-40.25972620337271	0.0
-11.130974988558307	-38.468830431228604	-0.0
14.614714547886976	61.016659482078154	-0.0
-26.967928609072175	34.56720816857069	-0.0
-61.11727062036329	54.349020494038825	-0.0
-58.91967943718537	10.482837775998732	-0.0
-68.40306570416274	-26.172312662309665	-0.0
-82.44929667866609	58.97588390966956	0.0
-52.32443245998767	27.73441366734866	-0.0
10.361133569703512	-29.009664597718526	-0.0
-11.456575582727325	2.115494992343997	2.2616776612243196E-94
86.28008025630692	-24.130834218092303	0.0
41.37471677659502	-84.50455241895963	-0.0
91.87156928188719	-48.462789616193824	-0.0
-64.35519517003031	13.111825136323418	-0.0
96.60890778710876	-63.49254213247086	0.0
-90.59560659201762	81.27679900158003	0.0
57.54696682416258	72.89953885911277	0.0
-65.74730445777269	92.37423682300025	-0.0
-73.27417788021758	-62.08564207257324	0.0
-87.01465537702435	-45.13002903341584	-0.0
-84.2820857365027	-26.889925499575952	-0.0
82.40766081921282	45.56051718616325	0.0
-33.105890924824564	-29.911223796521057	0.0
34.24422865205315	63.477966032893875	0.0
-42.51348888582887	-60.696143730705955	0.0
66.44319957979968	-92.95270039100777	0.0
30.469102902738967	-59.06436313621808	0.0
-93.97276209252983	76.18530343467575	-0.0
-87.7136509230699	69.94677124150323	-0.0
55.9814845439567	-26.983143380108658	0.0
-99.79352420055534	61.790855439077035	-0.0
23.862562939451152	35.76991538185413	0.0
31.59946456861033	-6.577832436893246	-0.0
-85.4873259480623	28.572746401828226	-0.0
-52.59170573610035	-86.21027356903141	-0.0
34.32473208118719	-59.420803637268186	-0.0
-70.24399340762369	30.532826843495798	-0.0
10.462922215786861	13.151354738170227	6.814805257950749E-68
-83.48813456721112	-6.493956369139255	0.0
18.058273231366258	84.28478836180935	0.0
-61.161659991470266	14.683068107366452	-0.0
82.5052920181461	4.473490227854384	0.0
28.395204160375243	-79.12423568544202	-0.0
81.58187415081491	84.05631839766858	0.0
-74.8253387571236	64.33311965113873	-0.0
100.22911442771255	35.733116257732405	0.0
72.5368971800485	58.16661461838177	-0.0
-87.11284589942746	21.46742798953622	0.0
-62.6545585770506	-22.359208372060607	0.0
32.119761110937134	2.1617797938055787	0.0
-90.22492255637444	-0.8430563529636856	0.0
-56.88527964986025	11.50704298430594	-0.0
-85.67921463296331	88.14753853069712	0.0
55.117748552887036	-59.67576498284344	0.0
31.757204484457077	60.74324269222049	0.0
-86.58847591030644	-60.589104547326656	0.0
41.5240314919096	62.70617931164111	0.0
-84.59784840351593	37.76684177724789	0.0
-18.915179067063804	82.57215644103314	-0.0
54.367108432397515	-19.726460429855123	0.0
-78.39583418641884	65.8656765372298	-0.0
-74.76044315553581	-86.45609829377852	-0.0
33.18477089480385	86.48794408440256	0.0
-0.08380415075662029	-41.64516497317902	0.0
89.56781059417341	-70.8882943580055	-0.0
77.35346116800883	22.54205408234442	-0.0
100.65374474140827	-19.626369734350945	-0.0
-47.34641225935501	26.575437663237167	0.0
-16.251032572184016	-38.40062318428726	0.0
40.82682602746405	59.461466805137064	-0.0
-89.83662280844975	-84.42944733318187	-0.0
-4.421694334896799	52.45605098892267	-0.0
-69.51203467450998	55.359641814672585	-0.0
-35.85362292522656	-33.93480957724894	-0.0
19.00508700815476	-44.98897645911526	-0.0
-48.30721144457772	62.346871505220946	0.0
69.76175960335351	-31.585322679348977	-0.0
-55.35417488821572	47.80927136617524	0.0

3.14423804309459	3.1451447268527617	-0.999970577450358
3.14423804309459	3.1451447268527617	-0.999970577450358
3.14423804309459	3.1451447268527617	-0.999970577450358
3.14423804309459	3.1451447268527617	-0.999970577450358
3.14423804309459	3.1451447268527617	-0.999970577450358
3.14423804309459	3.1451447268527617	-0.999970577450358
3.14423804309459	3.1451447268527617	-0.999970577450358
3.14423804309459	3.1451447268527617	-0.999970577450358
3.14423804309459	3.1451447268527617	-0.999970577450358
3.14423804309459	3.1451447268527617	-0.999970577450358
3.14423804309459	3.1451447268527617	-0.999970577450358
3.14423804309459	3.1451447268527617	-0.999970577450358
3.142653470646613	3.1451447268527617	-0.9999793863631518
3.142653470646613	3.1451447268527617	-0.9999793863631518
3.142653470646613	3.1451447268527617	-0.9999793863631518
3.14423804309459	3.1451447268527617	-0.999970577450358
3.14423804309459	3.1451447268527617	-0.999970577450358
3.14423804309459	3.1451447268527617	-0.999970577450358
3.14423804309459	3.1451447268527617	-0.999970577450358
3.14423804309459	3.1451447268527617	-0.999970577450358
3.14423804309459	3.1451447268527617	-0.999970577450358
3.14423804309459	3.1451447268527617	-0.999970577450358
3.14423804309459	3.1451447268527617	-0.999970577450358
3.14423804309459	3.1451447268527617	-0.999970577450358
3.14423804309459	3.1451447268527617	-0.999970577450358
3.14423804309459	3.1451447268527617	-0.999970577450358
3.142653470646613	3.1451447268527617	-0.9999793863631518
3.142653470646613	3.1451447268527617	-0.9999793863631518
3.14423804309459	3.1451447268527617	-0.999970577450358
3.14423804309459	3.1451447268527617	-0.999970577450358
3.14423804309459	3.1451447268527617	-0.999970577450358
3.14423804309459	3.1451447268527617	-0.999970577450358
3.14423804309459	3.1451447268527617	-0.999970577450358
3.14423804309459	3.1451447268527617	-0.999970577450358
3.14423804309459	3.1451447268527617	-0.999970577450358
3.14423804309459	3.1451447268527617	-0.999970577450358
3.14423804309459	3.1451447268527617	-0.999970577450358
3.14423804309459	3.1451447268527617	-0.999970577450358
3.14423804309459	3.1451447268527617	-0.999970577450358
3.14423804309459	3.1451447268527617	-0.999970577450358
3.14423804309459	3.1451447268527617	-0.999970577450358
3.14423804309459	3.1451447268527617	-0.999970577450358
3.142653470646613	3.1451447268527617	-0.9999793863631518
3.142653470646613	3.1451447268527617	-0.9999793863631518
3.14423804309459	3.1451447268527617	-0.999970577450358
3.14423804309459	3.1451447268527617	-0.999970577450358
3.14423804309459	3.1451447268527617	-0.999970577450358
3.14423804309459	3.1451447268527617	-0.999970577450358
3.14423804309459	3.1451447268527617	-0.999970577450358
3.14423804309459	3.1451447268527617	-0.999970577450358
3.14423804309459	3.1451447268527617	-0.999970577450358
3.14423804309459	3.1451447268527617	-0.999970577450358
3.14423804309459	3.1451447268527617	-0.999970577450358
3.14423804309459	3.1451447268527617	-0.999970577450358
3.14423804309459	3.1451447268527617	-0.999970577450358
3.14423804309459	3.1451447268527617	-0.999970577450358
3.1284757359089808	3.1451447268527617	-0.9997230297522292
3.1284757359089808	3.1451447268527617	-0.9997230297522292
3.142653470646613	3.1451447268527617	-0.9999793863631518
3.142653470646613	3.1451447268527617	-0.9999793863631518
3.14423804309459	3.1451447268527617	-0.999970577450358
3.14423804309459	3.1451447268527617	-0.999970577450358
3.14423804309459	3.1451447268527617	-0.999970577450358
3.142653470646613	3.1451447268527617	-0.9999793863631518
3.14423804309459	3.1451447268527617	-0.999970577450358
3.14423804309459	3.1451447268527617	-0.999970577450358
3.14423804309459	3.1451447268527617	-0.999970577450358
3.14423804309459	3.1451447268527617	-0.999970577450358
3.14423804309459	3.1451447268527617	-0.999970577450358
3.14423804309459	3.1451447268527617	-0.999970577450358
3.14423804309459	3.1451447268527617	-0.999970577450358
3.14423804309459	3.1451447268527617	-0.999970577450358
3.142653470646613	3.1451447268527617	-0.9999793863631518
3.142653470646613	3.1451447268527617	-0.9999793863631518
3.14423804309459	3.1451447268527617	-0.999970577450358
3.14423804309459	3.1451447268527617	-0.999970577450358
3.14423804309459	3.1451447268527617	-0.999970577450358
3.14423804309459	3.1451447268527617	-0.999970577450358
3.14423804309459	3.1451447268527617	-0.999970577450358
3.14423804309459	3.1451447268527617	-0.999970577450358
3.14423804309459	3.1451447268527617	-0.999970577450358
3.14423804309459	3.1451447268527617	-0.999970577450358
3.14423804309459	3.1451447268527617	-0.999970577450358
3.14423804309459	3.1451447268527617	-0.999970577450358
3.14423804309459	3.1451447268527617	-0.999970577450358
3.14423804309459	3.1451447268527617	-0.999970577450358
3.14423804309459	3.1451447268527617	-0.999970577450358
3.14423804309459	3.1451447268527617	-0.999970577450358
3.14423804309459	3.1451447268527617	-0.999970577450358
3.14423804309459	3.1451447268527617	-0.999970577450358
3.14423804309459	3.1451447268527617	-0.999970577450358
3.142653470646613	3.1451447268527617	-0.9999793863631518
3.14423804309459	3.1451447268527617	-0.999970577450358
3.14423804309459	3.1451447268527617	-0.999970577450358
3.14423804309459	3.1451447268527617	-0.999970577450358
3.14423804309459	3.1451447268527617	-0.999970577450358
3.14423804309459	3.1451447268527617	-0.999970577450358
3.14423804309459	3.1451447268527617	-0.999970577450358
3.14423804309459	3.1451447268527617	-0.999970577450358
3.14423804309459	3.1451447268527617	-0.999970577450358
3.14423804309459	3.1451447268527617	-0.999970577450358
3.14423804309459	3.1451447268527617	-0.999970577450358
3.14423804309459	3.1451447268527617	-0.999970577450358
3.14423804309459	3.1451447268527617	-0.999970577450358
3.14423804309459	3.1451447268527617	-0.999970577450358
3.14423804309459	3.1451447268527617	-0.999970577450358
3.14423804309459	3.1451447268527617	-0.999970577450358
3.14423804309459	3.1451447268527617	-0.999970577450358
3.14423804309459	3.1451447268527617	-0.999970577450358
3.14423804309459	3.1451447268527617	-0.999970577450358
3.14423804309459	3.1451447268527617	-0.999970577450358
3.14423804309459	3.1451447268527617	-0.999970577450358
3.14423804309459	3.1451447268527617	-0.999970577450358
3.14423804309459	3.1451447268527617	-0.999970577450358
3.14423804309459	3.1451447268527617	-0.999970577450358
3.14423804309459	3.1451447268527617	-0.999970577450358
3.14423804309459	3.1451447268527617	-0.999970577450358
3.14423804309459	3.1451447268527617	-0.999970577450358
3.14423804309459	3.1451447268527617	-0.999970577450358
3.14423804309459	3.1451447268527617	-0.999970577450358
3.142653470646613	3.1451447268527617	-0.9999793863631518
3.142653470646613	3.1451447268527617	-0.9999793863631518
3.14423804309459	3.1451447268527617	-0.999970577450358
3.14423804309459	3.1451447268527617	-0.999970577450358
3.14423804309459	3.1451447268527617	-0.999970577450358
3.14423804309459	3.1451447268527617	-0.999970577450358
3.14423804309459	3.1451447268527617	-0.999970577450358
3.14423804309459	3.1451447268527617	-0.999970577450358
3.14423804309459	3.1451447268527617	-0.999970577450358
3.14423804309459	3.1451447268527617	-0.999970577450358
3.14423804309459	3.1451447268527617	-0.999970577450358
3.14423804309459	3.1451447268527617	-0.999970577450358
3.14423804309459	3.1451447268527617	-0.999970577450358
3.14423804309459	3.1451447268527617	-0.999970577450358
3.14423804309459	3.1451447268527617	-0.999970577450358
3.14423804309459	3.1451447268527617	-0.999970577450358
3.14423804309459	3.1451447268527617	-0.999970577450358
3.14423804309459	3.1451447268527617	-0.999970577450358
3.14423804309459	3.1451447268527617	-0.999970577450358
3.14423804309459	3.1451447268527617	-0.999970577450358
3.14423804309459	3.1451447268527617	-0.999970577450358
3.14423804309459	3.1451447268527617	-0.999970577450358
3.14423804309459	3.1451447268527617	-0.999970577450358
3.14423804309459	3.1451447268527617	-0.999970577450358
3.14423804309459	3.1451447268527617	-0.999970577450358
3.14423804309459	3.1451447268527617	-0.999970577450358
3.14423804309459	3.1451447268527617	-0.999970577450358
3.14423804309459	3.1451447268527617	-0.999970577450358
3.14423804309459	3.1451447268527617	-0.999970577450358
3.14423804309459	3.1451447268527617	-0.999970577450358
3.14423804309459	3.1451447268527617	-0.999970577450358
3.14423804309459	3.1451447268527617	-0.999970577450358
3.14423804309459	3.1451447268527617	-0.999970577450358
3.14423804309459	3.1451447268527617	-0.999970577450358
3.14423804309459	3.1451447268527617	-0.999970577450358
3.14423804309459	3.1451447268527617	-0.999970577450358
3.14423804309459	3.1451447268527617	-0.999970577450358
3.14423804309459	3.1451447268527617	-0.999970577450358
3.14423804309459	3.1451447268527617	-0.999970577450358
3.14423804309459	3.1451447268527617	-0.999970577450358
3.142653470646613	3.1451447268527617	-0.9999793863631518
3.14423804309459	3.1451447268527617	-0.999970577450358
3.14423804309459	3.1451447268527617	-0.999970577450358
3.14423804309459	3.1451447268527617	-0.999970577450358
3.142653470646613	3.1451447268527617	-0.9999793863631518
3.142653470646613	3.1451447268527617	-0.9999793863631518
3.14423804309459	3.1451447268527617	-0.999970577450358
3.14423804309459	3.1451447268527617	-0.999970577450358
3.14423804309459	3.1451447268527617	-0.999970577450358
3.14423804309459	3.1451447268527617	-0.999970577450358
3.14423804309459	3.1451447268527617	-0.999970577450358
3.14423804309459	3.1451447268527617	-0.999970577450358
3.14423804309459	3.1451447268527617	-0.999970577450358
3.14423804309459	3.1451447268527617	-0.999970577450358
3.14423804309459	3.1451447268527617	-0.999970577450358
3.14423804309459	3.1451447268527617	-0.999970577450358
3.14423804309459	3.1451447268527617	-0.999970577450358
3.14423804309459	3.1451447268527617	-0.999970577450358
3.142653470646613	3.1451447268527617	-0.9999793863631518
3.14423804309459	3.1451447268527617	-0.999970577450358
3.142653470646613	3.1451447268527617	-0.9999793863631518
3.142653470646613	3.1451447268527617	-0.9999793863631518
3.142653470646613	3.1451447268527617	-0.9999793863631518
3.142653470646613	3.1451447268527617	-0.9999793863631518
3.14423804309459	3.1451447268527617	-0.999970577450358
3.142653470646613	3.1451447268527617	-0.9999793863631518
3.14423804309459	3.1451447268527617	-0.999970577450358
3.14423804309459	3.1451447268527617	-0.999970577450358
3.142653470646613	3.1451447268527617	-0.9999793863631518
3.14423804309459	3.1451447268527617	-0.999970577450358
3.14423804309459	3.1451447268527617	-0.999970577450358
3.14423804309459	3.1451447268527617	-0.999970577450358
3.14423804309459	3.1451447268527617	-0.999970577450358
3.14423804309459	3.1451447268527617	-0.999970577450358
3.14423804309459	3.1451447268527617	-0.999970577450358
3.14423804309459	3.1451447268527617	-0.999970577450358
3.14423804309459	3.1451447268527617	-0.999970577450358
3.14423804309459	3.1451447268527617	-0.999970577450358
3.14423804309459	3.1451447268527617	-0.999970577450358
3.14423804309459	3.1451447268527617	-0.999970577450358
3.14423804309459	3.1451447268527617	-0.999970577450358
3.14423804309459	3.1451447268527617	-0.999970577450358
3.14423804309459	3.1451447268527617	-0.999970577450358
3.14423804309459	3.1451447268527617	-0.999970577450358
3.14423804309459	3.1451447268527617	-0.999970577450358
3.1284757359089808	3.1451447268527617	-0.9997230297522292
3.142653470646613	3.1451447268527617	-0.9999793863631518
3.142653470646613	3.1451447268527617	-0.9999793863631518
3.14423804309459	3.1451447268527617	-0.999970577450358
3.14423804309459	3.1451447268527617	-0.999970577450358
3.14423804309459	3.1451447268527617	-0.999970577450358
3.14423804309459	3.1451447268527617	-0.999970577450358
3.14423804309459	3.1451447268527617	-0.999970577450358
3.14423804309459	3.1451447268527617	-0.999970577450358
3.14423804309459	3.1451447268527617	-0.999970577450358
3.14423804309459	3.1451447268527617	-0.999970577450358
3.142653470646613	3.1451447268527617	-0.9999793863631518
3.142653470646613	3.1451447268527617	-0.9999793863631518
3.142653470646613	3.1451447268527617	-0.9999793863631518
3.142653470646613	3.1451447268527617	-0.9999793863631518
3.14423804309459	3.1451447268527617	-0.999970577450358
3.14423804309459	3.1451447268527617	-0.999970577450358
3.14423804309459	3.1451447268527617	-0.999970577450358
3.14423804309459	3.1451447268527617	-0.999970577450358
3.14423804309459	3.1451447268527617	-0.999970577450358
3.14423804309459	3.1451447268527617	-0.999970577450358
3.14423804309459	3.1451447268527617	-0.999970577450358
3.14423804309459	3.1451447268527617	-0.999970577450358
3.14423804309459	3.1451447268527617	-0.999970577450358
3.14423804309459	3.1451447268527617	-0.999970577450358
3.14423804309459	3.1451447268527617	-0.999970577450358
3.14423804309459	3.1451447268527617	-0.999970577450358
3.142653470646613	3.1451447268527617	-0.9999793863631518
3.14423804309459	3.1451447268527617	-0.999970577450358
3.142653470646613	3.1451447268527617	-0.9999793863631518
3.14423804309459	3.1451447268527617	-0.999970577450358
3.14423804309459	3.1451447268527617	-0.999970577450358
3.14423804309459	3.1451447268527617	-0.999970577450358
3.14423804309459	3.1451447268527617	-0.999970577450358
3.14423804309459	3.1451447268527617	-0.999970577450358
3.14423804309459	3.1451447268527617	-0.999970577450358
3.14423804309459	3.1451447268527617	-0.999970577450358
3.14423804309459	3.1451447268527617	-0.999970577450358
3.14423804309459	3.1451447268527617	-0.999970577450358
3.14423804309459	3.1451447268527617	-0.999970577450358
3.14423804309459	3.1451447268527617	-0.999970577450358
3.14423804309459	3.1451447268527617	-0.999970577450358
3.14423804309459	3.1451447268527617	-0.999970577450358
3.14423804309459	3.1451447268527617	-0.999970577450358
3.14423804309459	3.1451447268527617	-0.999970577450358
3.14423804309459	3.1451447268527617	-0.999970577450358
3.142653470646613	3.1451447268527617	-0.9999793863631518
3.14423804309459	3.1451447268527617	-0.999970577450358
3.14423804309459	3.1451447268527617	-0.999970577450358
3.14423804309459	3.1451447268527617	-0.999970577450358
3.14423804309459	3.1451447268527617	-0.999970577450358
3.14423804309459	3.1451447268527617	-0.999970577450358
3.14423804309459	3.1451447268527617	-0.999970577450358
3.142653470646613	3.1451447268527617	-0.9999793863631518
3.14423804309459	3.1451447268527617	-0.999970577450358
3.14423804309459	3.1451447268527617	-0.999970577450358
3.142653470646613	3.1451447268527617	-0.9999793863631518
3.1284757359089808	3.1451447268527617	-0.9997230297522292
3.142653470646613	3.1451447268527617	-0.9999793863631518
3.14423804309459	3.1451447268527617	-0.999970577450358
3.14423804309459	3.1451447268527617	-0.999970577450358
3.142653470646613	3.1451447268527617	-0.9999793863631518
3.142653470646613	3.1451447268527617	-0.9999793863631518
3.14423804309459	3.1451447268527617	-0.999970577450358
3.142653470646613	3.1451447268527617	-0.9999793863631518
3.14423804309459	3.1451447268527617	-0.999970577450358
3.14423804309459	3.1451447268527617	-0.999970577450358
3.14423804309459	3.1451447268527617	-0.999970577450358
3.14423804309459	3.1451447268527617	-0.999970577450358
3.14423804309459	3.1451447268527617	-0.999970577450358
3.14423804309459	3.1451447268527617	-0.999970577450358
3.142653470646613	3.1451447268527617	-0.9999793863631518
3.14423804309459	3.1451447268527617	-0.999970577450358
3.142653470646613	3.1451447268527617	-0.9999793863631518
3.142653470646613	3.1451447268527617	-0.9999793863631518
3.14423804309459	3.1451447268527617	-0.999970577450358
3.14423804309459	3.1451447268527617	-0.999970577450358
3.14423804309459	3.1451447268527617	-0.999970577450358
3.14423804309459	3.1451447268527617	-0.999970577450358
3.14423804309459	3.1451447268527617	-0.999970577450358
3.14423804309459	3.1451447268527617	-0.999970577450358
3.14423804309459	3.1451447268527617	-0.999970577450358
3.14423804309459	3.1451447268527617	-0.999970577450358
3.14423804309459	3.1451447268527617	-0.999970577450358
3.14423804309459	3.1451447268527617	-0.999970577450358
3.14423804309459	3.1451447268527617	-0.999970577450358
3.14423804309459	3.1451447268527617	-0.999970577450358
3.142653470646613	3.1451447268527617	-0.9999793863631518
3.142653470646613	3.1451447268527617	-0.9999793863631518
3.14423804309459	3.1451447268527617	-0.999970577450358
3.14423804309459	3.1451447268527617	-0.999970577450358
3.14423804309459	3.1451447268527617	-0.999970577450358
3.14423804309459	3.1451447268527617	-0.999970577450358
3.14423804309459	3.1451447268527617	-0.999970577450358
3.142653470646613	3.1451447268527617	-0.9999793863631518
3.14423804309459	3.1451447268527617	-0.999970577450358
3.14423804309459	3.1451447268527617	-0.999970577450358
3.142653470646613	3.1451447268527617	-0.9999793863631518
3.142653470646613	3.1451447268527617	-0.9999793863631518
3.14423804309459	3.1451447268527617	-0.999970577450358
3.14423804309459	3.1451447268527617	-0.999970577450358
3.14423804309459	3.1451447268527617	-0.999970577450358
3.14423804309459	3.1451447268527617	-0.999970577450358
3.14423804309459	3.1451447268527617	-0.999970577450358
3.142653470646613	3.1451447268527617	-0.9999793863631518
3.14423804309459	3.1451447268527617	-0.999970577450358
3.14423804309459	3.1451447268527617	-0.999970577450358
3.14423804309459	3.1451447268527617	-0.999970577450358
3.14423804309459	3.1451447268527617	-0.999970577450358
3.14423804309459	3.1451447268527617	-0.999970577450358
3.14423804309459	3.1451447268527617	-0.999970577450358
3.14423804309459	3.1451447268527617	-0.999970577450358
3.14423804309459	3.1451447268527617	-0.999970577450358
3.14423804309459	3.1451447268527617	-0.999970577450358
3.14423804309459	3.1451447268527617	-0.999970577450358
3.142653470646613	3.1451447268527617	-0.9999793863631518
3.14423804309459	3.1451447268527617	-0.999970577450358
3.14423804309459	3.1451447268527617	-0.999970577450358
3.142653470646613	3.1451447268527617	-0.9999793863631518
3.142653470646613	3.1451447268527617	-0.9999793863631518
3.142653470646613	3.1451447268527617	-0.9999793863631518
3.14423804309459	3.1451447268527617	-0.999970577450358
3.14423804309459	3.1451447268527617	-0.999970577450358
3.14423804309459	3.1451447268527617	-0.999970577450358
3.14423804309459	3.1451447268527617	-0.999970577450358
3.14423804309459	3.1451447268527617	-0.999970577450358
3.14423804309459	3.1451447268527617	-0.999970577450358
3.142653470646613	3.1451447268527617	-0.9999793863631518
3.142653470646613	3.1451447268527617	-0.9999793863631518
3.142653470646613	3.1451447268527617	-0.9999793863631518
3.142653470646613	3.1451447268527617	-0.9999793863631518
3.14423804309459	3.1451447268527617	-0.999970577450358
3.14423804309459	3.1451447268527617	-0.999970577450358
3.14423804309459	3.1451447268527617	-0.999970577450358
3.14423804309459	3.1451447268527617	-0.999970577450358
3.142653470646613	3.1451447268527617	-0.9999793863631518
3.142653470646613	3.1451447268527617	-0.9999793863631518
3.14423804309459	3.1451447268527617	-0.999970577450358
3.14423804309459	3.1451447268527617	-0.999970577450358
3.14423804309459	3.1451447268527617	-0.999970577450358
3.14423804309459	3.1451447268527617	-0.999970577450358
3.14423804309459	3.1451447268527617	-0.999970577450358
3.14423804309459	3.1451447268527617	-0.999970577450358
3.14423804309459	3.1451447268527617	-0.999970577450358
3.14423804309459	3.1451447268527617	-0.999970577450358
3.14423804309459	3.1451447268527617	-0.999970577450358
3.142653470646613	3.1451447268527617	-0.9999793863631518
3.14423804309459	3.1451447268527617	-0.999970577450358
3.14423804309459	3.1451447268527617	-0.999970577450358
3.14423804309459	3.1451447268527617	-0.999970577450358
3.14423804309459	3.1451447268527617	-0.999970577450358
3.14423804309459	3.1451447268527617	-0.999970577450358
3.142653470646613	3.1451447268527617	-0.9999793863631518
3.14423804309459	3.1451447268527617	-0.999970577450358
3.14423804309459	3.1451447268527617	-0.999970577450358
3.14423804309459	3.1451447268527617	-0.999970577450358
3.14423804309459	3.1451447268527617	-0.999970577450358
3.14423804309459	3.1451447268527617	-0.999970577450358
3.14423804309459	3.1451447268527617	-0.999970577450358
3.14423804309459	3.1451447268527617	-0.999970577450358
3.14423804309459	3.1451447268527617	-0.999970577450358
3.14423804309459	3.1451447268527617	-0.999970577450358
3.14423804309459	3.1451447268527617	-0.999970577450358
3.14423804309459	3.1451447268527617	-0.999970577450358
3.14423804309459	3.1451447268527617	-0.999970577450358
3.1284757359089808	3.1451447268527617	-0.9997230297522292
3.142653470646613	3.1451447268527617	-0.9999793863631518
3.14423804309459	3.1451447268527617	-0.999970577450358
3.14423804309459	3.1451447268527617	-0.999970577450358
3.142653470646613	3.1451447268527617	-0.9999793863631518
3.14423804309459	3.1451447268527617	-0.999970577450358
3.14423804309459	3.1451447268527617	-0.999970577450358
3.14423804309459	3.1451447268527617	-0.999970577450358
3.14423804309459	3.1451447268527617	-0.999970577450358
3.14423804309459	3.1451447268527617	-0.999970577450358
3.14423804309459	3.1451447268527617	-0.999970577450358
3.14423804309459	3.1451447268527617	-0.999970577450358
3.14423804309459	3.1451447268527617	-0.999970577450358
3.14423804309459	3.1451447268527617	-0.999970577450358
3.14423804309459	3.1451447268527617	-0.999970577450358
3.14423804309459	3.1451447268527617	-0.999970577450358
3.14423804309459	3.1451447268527617	-0.999970577450358
3.14423804309459	3.1451447268527617	-0.999970577450358
3.14423804309459	3.1451447268527617	-0.999970577450358
3.14423804309459	3.1451447268527617	-0.999970577450358
3.14423804309459	3.1451447268527617	-0.999970577450358
3.14423804309459	3.1451447268527617	-0.999970577450358
3.1284757359089808	3.1451447268527617	-0.9997230297522292
3.142653470646613	3.1451447268527617	-0.9999793863631518
3.14423804309459	3.1451447268527617	-0.999970577450358
3.14423804309459	3.1451447268527617	-0.999970577450358
3.142653470646613	3.1451447268527617	-0.9999793863631518
3.142653470646613	3.1451447268527617	-0.9999793863631518
3.14423804309459	3.1451447268527617	-0.999970577450358
3.14423804309459	3.1451447268527617	-0.999970577450358
3.14423804309459	3.1451447268527617	-0.999970577450358
3.14423804309459	3.1451447268527617	-0.999970577450358
3.14423804309459	3.1451447268527617	-0.999970577450358
3.14423804309459	3.1451447268527617	-0.999970577450358
3.14423804309459	3.1451447268527617	-0.999970577450358
3.14423804309459	3.1451447268527617	-0.999970577450358
3.142653470646613	3.1451447268527617	-0.9999793863631518
3.142653470646613	3.1451447268527617	-0.9999793863631518
3.14423804309459	3.1451447268527617	-0.999970577450358
3.14423804309459	3.1451447268527617	-0.999970577450358
3.14423804309459	3.1451447268527617	-0.999970577450358
3.14423804309459	3.1451447268527617	-0.999970577450358
3.14423804309459	3.1451447268527617	-0.999970577450358
3.14423804309459	3.1451447268527617	-0.999970577450358
3.14423804309459	3.1451447268527617	-0.999970577450358
3.14423804309459	3.1451447268527617	-0.999970577450358
3.142653470646613	3.1451447268527617	-0.9999793863631518
3.14423804309459	3.1451447268527617	-0.999970577450358
3.142653470646613	3.1451447268527617	-0.9999793863631518
3.14423804309459	3.1451447268527617	-0.999970577450358
3.142653470646613	3.1451447268527617	-0.9999793863631518
3.142653470646613	3.1451447268527617	-0.9999793863631518
3.14423804309459	3.1451447268527617	-0.999970577450358
3.14423804309459	3.1451447268527617	-0.999970577450358
3.14423804309459	3.1451447268527617	-0.999970577450358
3.14423804309459	3.1451447268527617	-0.999970577450358
3.14423804309459	3.1451447268527617	-0.999970577450358
3.14423804309459	3.1451447268527617	-0.999970577450358
3.14423804309459	3.1451447268527617	-0.999970577450358
3.14423804309459	3.1451447268527617	-0.999970577450358
3.14423804309459	3.1451447268527617	-0.999970577450358
3.142653470646613	3.1451447268527617	-0.9999793863631518
3.14423804309459	3.1451447268527617	-0.999970577450358
3.14423804309459	3.1451447268527617	-0.999970577450358
3.14423804309459	3.1451447268527617	-0.999970577450358
3.14423804309459	3.1451447268527617	-0.999970577450358
3.14423804309459	3.1451447268527617	-0.999970577450358
3.14423804309459	3.1451447268527617	-0.999970577450358
3.14423804309459	3.1451447268527617	-0.999970577450358
3.14423804309459	3.1451447268527617	-0.999970577450358
3.142653470646613	3.1451447268527617	-0.9999793863631518
3.14423804309459	3.1451447268527617	-0.999970577450358
3.142653470646613	3.1451447268527617	-0.9999793863631518
3.14423804309459	3.1451447268527617	-0.999970577450358
3.14423804309459	3.1451447268527617	-0.999970577450358
3.142653470646613	3.1451447268527617	-0.9999793863631518
3.14423804309459	3.1451447268527617	-0.999970577450358
3.14423804309459	3.1451447268527617	-0.999970577450358
3.14423804309459	3.1451447268527617	-0.999970577450358
3.14423804309459	3.1451447268527617	-0.999970577450358
3.14423804309459	3.1451447268527617	-0.999970577450358
3.142653470646613	3.1451447268527617	-0.9999793863631518
3.142653470646613	3.1451447268527617	-0.9999793863631518
3.142653470646613	3.1451447268527617	-0.9999793863631518
3.14423804309459	3.1451447268527617	-0.999970577450358
3.14423804309459	3.1451447268527617	-0.999970577450358
3.14423804309459	3.1451447268527617	-0.999970577450358
3.14423804309459	3.1451447268527617	-0.999970577450358
3.142653470646613	3.1451447268527617	-0.9999793863631518
3.14423804309459	3.1451447268527617	-0.999970577450358
3.14423804309459	3.1451447268527617	-0.999970577450358
3.14423804309459	3.1451447268527617	-0.999970577450358
3.14423804309459	3.1451447268527617	-0.999970577450358
3.14423804309459	3.1451447268527617	-0.999970577450358
3.14423804309459	3.1451447268527617	-0.999970577450358
3.14423804309459	3.1451447268527617	-0.999970577450358
3.14423804309459	3.1451447268527617	-0.999970577450358
3.14423804309459	3.1451447268527617	-0.999970577450358
3.14423804309459	3.1451447268527617	-0.999970577450358
3.14423804309459	3.1451447268527617	-0.999970577450358
3.14423804309459	3.1451447268527617	-0.999970577450358
3.14423804309459	3.1451447268527617	-0.999970577450358
3.14423804309459	3.1451447268527617	-0.999970577450358
3.142653470646613	3.1451447268527617	-0.9999793863631518
3.14423804309459	3.1451447268527617	-0.999970577450358
3.14423804309459	3.1451447268527617	-0.999970577450358
3.14423804309459	3.1451447268527617	-0.999970577450358
3.142653470646613	3.1451447268527617	-0.9999793863631518
3.14423804309459	3.1451447268527617	-0.999970577450358
3.14423804309459	3.1451447268527617	-0.999970577450358
3.14423804309459	3.1451447268527617	-0.999970577450358
3.14423804309459	3.1451447268527617	-0.999970577450358
3.142653470646613	3.1451447268527617	-0.9999793863631518
3.142653470646613	3.1451447268527617	-0.9999793863631518
3.14423804309459	3.1451447268527617	-0.999970577450358
3.14423804309459	3.1451447268527617	-0.999970577450358
3.14423804309459	3.1451447268527617	-0.999970577450358
3.14423804309459	3.1451447268527617	-0.999970577450358
3.14423804309459	3.1451447268527617	-0.999970577450358
3.14423804309459	3.1451447268527617	-0.999970577450358
3.142653470646613	3.1451447268527617	-0.9999793863631518
3.14423804309459	3.1451447268527617	-0.999970577450358
3.142653470646613	3.1451447268527617	-0.9999793863631518
3.142653470646613	3.1451447268527617	-0.9999793863631518
3.142653470646613	3.1451447268527617	-0.9999793863631518
3.142653470646613	3.1451447268527617	-0.9999793863631518
3.14423804309459	3.1451447268527617	-0.999970577450358
3.14423804309459	3.1451447268527617	-0.999970577450358
3.14423804309459	3.1451447268527617	-0.999970577450358
3.14423804309459	3.1451447268527617	-0.999970577450358
3.14423804309459	3.1451447268527617	-0.999970577450358
3.142653470646613	3.1451447268527617	-0.9999793863631518
3.142653470646613	3.1451447268527617	-0.9999793863631518
3.142653470646613	3.1451447268527617	-0.9999793863631518
3.142653470646613	3.1451447268527617	-0.9999793863631518
3.142653470646613	3.1451447268527617	-0.9999793863631518
3.142653470646613	3.1451447268527617	-0.9999793863631518
3.14423804309459	3.1451447268527617	-0.999970577450358
3.14423804309459	3.1451447268527617	-0.999970577450358
3.14423804309459	3.1451447268527617	-0.999970577450358
3.14423804309459	3.1451447268527617	-0.999970577450358
3.14423804309459	3.1451447268527617	-0.999970577450358
3.14423804309459	3.1451447268527617	-0.999970577450358
3.14423804309459	3.1451447268527617	-0.999970577450358
3.14423804309459	3.1451447268527617	-0.999970577450358
3.142653470646613	3.1451447268527617	-0.9999793863631518
3.14423804309459	3.1451447268527617	-0.999970577450358
3.14423804309459	3.1451447268527617	-0.999970577450358
3.14423804309459	3.1451447268527617	-0.999970577450358
3.14423804309459	3.1451447268527617	-0.999970577450358
3.14423804309459	3.1451447268527617	-0.999970577450358
3.14423804309459	3.1451447268527617	-0.999970577450358
3.14423804309459	3.1451447268527617	-0.999970577450358
3.14423804309459	3.1451447268527617	-0.999970577450358
3.14423804309459	3.1451447268527617	-0.999970577450358
3.14423804309459	3.1451447268527617	-0.999970577450358
3.14423804309459	3.1451447268527617	-0.999970577450358
3.14423804309459	3.1451447268527617	-0.999970577450358
3.14423804309459	3.1451447268527617	-0.999970577450358
3.14423804309459	3.1451447268527617	-0.999970577450358
3.14423804309459	3.1451447268527617	-0.999970577450358
3.14423804309459	3.1451447268527617	-0.999970577450358
3.14423804309459	3.1451447268527617	-0.999970577450358
3.14423804309459	3.1451447268527617	-0.999970577450358
3.14423804309459	3.1451447268527617	-0.999970577450358
3.14423804309459	3.1451447268527617	-0.999970577450358
3.14423804309459	3.1451447268527617	-0.999970577450358
3.14423804309459	3.1451447268527617	-0.999970577450358
3.14423804309459	3.1451447268527617	-0.999970577450358
3.14423804309459	3.1451447268527617	-0.999970577450358
3.142653470646613	3.1451447268527617	-0.9999793863631518
3.142653470646613	3.1451447268527617	-0.9999793863631518
3.14423804309459	3.1451447268527617	-0.999970577450358
3.142653470646613	3.1451447268527617	-0.9999793863631518
3.14423804309459	3.1451447268527617	-0.999970577450358
3.14423804309459	3.1451447268527617	-0.999970577450358
3.14423804309459	3.1451447268527617	-0.999970577450358
3.14423804309459	3.1451447268527617	-0.999970577450358
3.14423804309459	3.1451447268527617	-0.999970577450358
3.14423804309459	3.1451447268527617	-0.999970577450358
3.142653470646613	3.1451447268527617	-0.9999793863631518
3.14423804309459	3.1451447268527617	-0.999970577450358
3.14423804309459	3.1451447268527617	-0.999970577450358
3.14423804309459	3.1451447268527617	-0.999970577450358
3.14423804309459	3.1451447268527617	-0.999970577450358
3.14423804309459	3.1451447268527617	-0.999970577450358
3.14423804309459	3.1451447268527617	-0.999970577450358
3.14423804309459	3.1451447268527617	-0.999970577450358
3.14423804309459	3.1451447268527617	-0.999970577450358
3.14423804309459	3.1451447268527617	-0.999970577450358
3.14423804309459	3.1451447268527617	-0.999970577450358
3.14423804309459	3.1451447268527617	-0.999970577450358
3.14423804309459	3.1451447268527617	-0.999970577450358
3.14423804309459	3.1451447268527617	-0.999970577450358
3.14423804309459	3.1451447268527617	-0.999970577450358
3.14423804309459	3.1451447268527617	-0.999970577450358
3.14423804309459	3.1451447268527617	-0.999970577450358
3.14423804309459	3.1451447268527617	-0.999970577450358
3.14423804309459	3.1451447268527617	-0.999970577450358
3.142653470646613	3.1451447268527617	-0.9999793863631518
3.14423804309459	3.1451447268527617	-0.999970577450358
3.14423804309459	3.1451447268527617	-0.999970577450358
3.14423804309459	3.1451447268527617	-0.999970577450358
3.14423804309459	3.1451447268527617	-0.999970577450358
3.14423804309459	3.1451447268527617	-0.999970577450358
3.14423804309459	3.1451447268527617	-0.999970577450358
3.14423804309459	3.1451447268527617	-0.999970577450358
3.14423804309459	3.1451447268527617	-0.999970577450358
3.14423804309459	3.1451447268527617	-0.999970577450358
3.14423804309459	3.1451447268527617	-0.999970577450358
3.14423804309459	3.1451447268527617	-0.999970577450358
3.14423804309459	3.1451447268527617	-0.999970577450358
3.142653470646613	3.1451447268527617	-0.9999793863631518
3.142653470646613	3.1451447268527617	-0.9999793863631518
3.14423804309459	3.1451447268527617	-0.999970577450358
3.14423804309459	3.1451447268527617	-0.999970577450358
3.142653470646613	3.1451447268527617	-0.9999793863631518
3.14423804309459	3.1451447268527617	-0.999970577450358
3.14423804309459	3.1451447268527617	-0.999970577450358
3.14423804309459	3.1451447268527617	-0.999970577450358
3.1284757359089808	3.1451447268527617	-0.9997230297522292
3.1284757359089808	3.1451447268527617	-0.9997230297522292
3.142653470646613	3.1451447268527617	-0.9999793863631518
3.142653470646613	3.1451447268527617	-0.9999793863631518
3.14423804309459	3.1451447268527617	-0.999970577450358
3.14423804309459	3.1451447268527617	-0.999970577450358
3.14423804309459	3.1451447268527617	-0.999970577450358
3.14423804309459	3.1451447268527617	-0.999970577450358
3.14423804309459	3.1451447268527617	-0.999970577450358
3.14423804309459	3.1451447268527617	-0.999970577450358
3.14423804309459	3.1451447268527617	-0.999970577450358
3.14423804309459	3.1451447268527617	-0.999970577450358
3.14423804309459	3.1451447268527617	-0.999970577450358
3.14423804309459	3.1451447268527617	-0.999970577450358
3.14423804309459	3.1451447268527617	-0.999970577450358
3.142653470646613	3.1451447268527617	-0.9999793863631518
3.14423804309459	3.1451447268527617	-0.999970577450358
3.14423804309459	3.1451447268527617	-0.999970577450358
3.14423804309459	3.1451447268527617	-0.999970577450358
3.14423804309459	3.1451447268527617	-0.999970577450358
3.14423804309459	3.1451447268527617	-0.999970577450358
3.14423804309459	3.1451447268527617	-0.999970577450358
3.14423804309459	3.1451447268527617	-0.999970577450358
3.14423804309459	3.1451447268527617	-0.999970577450358
3.1284757359089808	3.1451447268527617	-0.9997230297522292
3.1284757359089808	3.1451447268527617	-0.9997230297522292
3.14423804309459	3.1451447268527617	-0.999970577450358
3.14423804309459	3.1451447268527617	-0.999970577450358
3.14423804309459	3.1451447268527617	-0.999970577450358
3.14423804309459	3.1451447268527617	-0.999970577450358
3.14423804309459	3.1451447268527617	-0.999970577450358
3.14423804309459	3.1451447268527617	-0.999970577450358
3.14423804309459	3.1451447268527617	-0.999970577450358
3.14423804309459	3.1451447268527617	-0.999970577450358
3.14423804309459	3.1451447268527617	-0.999970577450358
3.14423804309459	3.1451447268527617	-0.999970577450358
3.14423804309459	3.1451447268527617	-0.999970577450358
3.14423804309459	3.1451447268527617	-0.999970577450358
3.14423804309459	3.1451447268527617	-0.999970577450358
3.14423804309459	3.1451447268527617	-0.999970577450358
3.14423804309459	3.1451447268527617	-0.999970577450358
3.14423804309459	3.1451447268527617	-0.999970577450358
3.1284757359089808	3.1451447268527617	-0.9997230297522292
3.1284757359089808	3.1451447268527617	-0.9997230297522292
3.14423804309459	3.1451447268527617	-0.999970577450358
3.14423804309459	3.1451447268527617	-0.999970577450358
3.14423804309459	3.1451447268527617	-0.999970577450358
3.14423804309459	3.1451447268527617	-0.999970577450358
3.14423804309459	3.1451447268527617	-0.999970577450358
3.14423804309459	3.1451447268527617	-0.999970577450358
3.142653470646613	3.1451447268527617	-0.9999793863631518
3.14423804309459	3.1451447268527617	-0.999970577450358
3.14423804309459	3.1451447268527617	-0.999970577450358
3.14423804309459	3.1451447268527617	-0.999970577450358
3.14423804309459	3.1451447268527617	-0.999970577450358
3.14423804309459	3.1451447268527617	-0.999970577450358
3.14423804309459	3.1451447268527617	-0.999970577450358
3.142653470646613	3.1451447268527617	-0.9999793863631518
3.14423804309459	3.1451447268527617	-0.999970577450358
3.14423804309459	3.1451447268527617	-0.999970577450358
3.14423804309459	3.1451447268527617	-0.999970577450358
3.14423804309459	3.1451447268527617	-0.999970577450358
3.142653470646613	3.1451447268527617	-0.9999793863631518
3.142653470646613	3.1451447268527617	-0.9999793863631518
3.14423804309459	3.1451447268527617	-0.999970577450358
3.14423804309459	3.1451447268527617	-0.999970577450358
3.14423804309459	3.1451447268527617	-0.999970577450358
3.142653470646613	3.1451447268527617	-0.9999793863631518
3.14423804309459	3.1451447268527617	-0.999970577450358
3.142653470646613	3.1451447268527617	-0.9999793863631518
3.14423804309459	3.1451447268527617	-0.999970577450358
3.14423804309459	3.1451447268527617	-0.999970577450358
3.14423804309459	3.1451447268527617	-0.999970577450358
3.14423804309459	3.1451447268527617	-0.999970577450358
3.14423804309459	3.1451447268527617	-0.999970577450358
3.14423804309459	3.1451447268527617	-0.999970577450358
3.142653470646613	3.1451447268527617	-0.9999793863631518
3.142653470646613	3.1451447268527617	-0.9999793863631518
3.142653470646613	3.1451447268527617	-0.9999793863631518
3.142653470646613	3.1451447268527617	-0.9999793863631518
3.14423804309459	3.1451447268527617	-0.999970577450358
3.14423804309459	3.1451447268527617	-0.999970577450358
3.14423804309459	3.1451447268527617	-0.999970577450358
3.14423804309459	3.1451447268527617	-0.999970577450358
3.14423804309459	3.1451447268527617	-0.999970577450358
3.14423804309459	3.1451447268527617	-0.999970577450358
3.14423804309459	3.1451447268527617	-0.999970577450358
3.142653470646613	3.1451447268527617	-0.9999793863631518
3.142653470646613	3.1451447268527617	-0.9999793863631518
3.142653470646613	3.1451447268527617	-0.9999793863631518
3.14423804309459	3.1451447268527617	-0.999970577450358
3.14423804309459	3.1451447268527617	-0.999970577450358
3.14423804309459	3.1451447268527617	-0.999970577450358
3.142653470646613	3.1451447268527617	-0.9999793863631518
3.142653470646613	3.1451447268527617	-0.9999793863631518
3.14423804309459	3.1451447268527617	-0.999970577450358
3.14423804309459	3.1451447268527617	-0.999970577450358
3.142653470646613	3.1451447268527617	-0.9999793863631518
3.14423804309459	3.1451447268527617	-0.999970577450358
3.14423804309459	3.1451447268527617	-0.999970577450358
3.14423804309459	3.1451447268527617	-0.999970577450358
3.14423804309459	3.1451447268527617	-0.999970577450358
3.14423804309459	3.1451447268527617	-0.999970577450358
3.14423804309459	3.1451447268527617	-0.999970577450358
3.14423804309459	3.1451447268527617	-0.999970577450358
3.14423804309459	3.1451447268527617	-0.999970577450358
3.142653470646613	3.1451447268527617	-0.9999793863631518
3.14423804309459	3.1451447268527617	-0.999970577450358
3.14423804309459	3.1451447268527617	-0.999970577450358
3.14423804309459	3.1451447268527617	-0.999970577450358
3.14423804309459	3.1451447268527617	-0.999970577450358
3.14423804309459	3.1451447268527617	-0.999970577450358
3.14423804309459	3.1451447268527617	-0.999970577450358
3.14423804309459	3.1451447268527617	-0.999970577450358
3.142653470646613	3.1451447268527617	-0.9999793863631518
3.14423804309459	3.1451447268527617	-0.999970577450358
3.14423804309459	3.1451447268527617	-0.999970577450358
3.142653470646613	3.1451447268527617	-0.9999793863631518
3.142653470646613	3.1451447268527617	-0.9999793863631518
3.142653470646613	3.1451447268527617	-0.9999793863631518
3.142653470646613	3.1451447268527617	-0.9999793863631518
3.14423804309459	3.1451447268527617	-0.999970577450358
3.14423804309459	3.1451447268527617	-0.999970577450358
3.14423804309459	3.1451447268527617	-0.999970577450358
3.14423804309459	3.1451447268527617	-0.999970577450358
3.14423804309459	3.1451447268527617	-0.999970577450358
3.14423804309459	3.1451447268527617	-0.999970577450358
3.142653470646613	3.1451447268527617	-0.9999793863631518
3.142653470646613	3.1451447268527617	-0.9999793863631518
3.142653470646613	3.1451447268527617	-0.9999793863631518
3.14423804309459	3.1451447268527617	-0.999970577450358
3.14423804309459	3.1451447268527617	-0.999970577450358
3.14423804309459	3.1451447268527617	-0.999970577450358
3.142653470646613	3.1451447268527617	-0.9999793863631518
3.14423804309459	3.1451447268527617	-0.999970577450358
3.14423804309459	3.1451447268527617	-0.999970577450358
3.14423804309459	3.1451447268527617	-0.999970577450358
3.14423804309459	3.1451447268527617	-0.999970577450358
3.14423804309459	3.1451447268527617	-0.999970577450358
3.14423804309459	3.1451447268527617	-0.999970577450358
3.14423804309459	3.1451447268527617	-0.999970577450358
3.14423804309459	3.1451447268527617	-0.999970577450358
3.14423804309459	3.1451447268527617	-0.999970577450358
3.14423804309459	3.1451447268527617	-0.999970577450358
3.14423804309459	3.1451447268527617	-0.999970577450358
3.14423804309459	3.1451447268527617	-0.999970577450358
3.14423804309459	3.1451447268527617	-0.999970577450358
3.14423804309459	3.1451447268527617	-0.999970577450358
3.14423804309459	3.1451447268527617	-0.999970577450358
3.142653470646613	3.1451447268527617	-0.9999793863631518
3.14423804309459	3.1451447268527617	-0.999970577450358
3.14423804309459	3.1451447268527617	-0.999970577450358
3.14423804309459	3.1451447268527617	-0.999970577450358
3.14423804309459	3.1451447268527617	-0.999970577450358
3.14423804309459	3.1451447268527617	-0.999970577450358
3.14423804309459	3.1451447268527617	-0.999970577450358
3.14423804309459	3.1451447268527617	-0.999970577450358
3.142653470646613	3.1451447268527617	-0.9999793863631518
3.14423804309459	3.1451447268527617	-0.999970577450358
3.14423804309459	3.1451447268527617	-0.999970577450358

