0.6901406415157538	99.39362712168395	-0.0
29.644892825556525	84.3822833805225	-0.0
-67.87985752772093	37.89629132017876	-0.0
-32.6547831882494	-52.796360633345316	0.0
11.872286052831242	-54.54410849240923	0.0
-48.06939994382648	-39.73823965031584	-0.0
-81.81331878095008	31.210933101168877	-0.0
-80.87334483718953	81.19000204582875	-0.0
-53.59233933834613	56.1561396852301	0.0
71.36082691882709	-67.13015329898033	-0.0
7.852560657518453	72.79335613746707	0.0
31.947057059870247	62.80285080668392	-0.0
0.7113146793212195	40.569324323252374	0.0
14.82562676545163	-10.5528083067435	-5.0159718007229576E-142
-55.11771970695199	-22.43922228558995	0.0
94.79665272416196	-45.30444619332164	-0.0
-24.364903911602752	5.695515941103821	-0.0
-13.958122043478795	-51.766705423796445	-0.0
-13.803340868282476	-10.01751167929983	3.40074377612276E-201
-96.10952949322042	74.59281544984665	0.0
1.8737776995044726	-93.06013298289957	0.0
30.55619549165212	87.21395957621337	-0.0
-9.33453193073683	93.65903817209343	0.0
32.694178667330675	-78.02848385948995	0.0
30.88249821165988	-66.40754858108463	0.0
37.69075133771469	-9.436978154268957	0.0
47.89572437119216	78.92671008148628	-0.0
-56.6676807832186	-67.81679681910884	-0.0
88.394328433223	-28.147674757864863	0.0
-56.63263697759013	-97.67138858689873	0.0
-8.048603435278196	26.9132901936257	-6.387978035945521E-302
42.721354801536506	-90.18771752404571	0.0
-30.269090821612025	-85.57895599192446	0.0
-98.11042499039917	-52.887683489096204	-0.0
-14.89405461423739	96.31129704339293	-0.0
30.57804116485238	47.74588907160623	0.0
-50.35060992937943	45.04853123800325	-0.0
1.2900505264616697	-39.36986873119584	0.0
16.799807954671465	77.31554851484827	-0.0
-95.87418360452293	50.4215791022319	0.0
93.45322292760721	-90.64239953504993	0.0
-9.639039276283555	-40.03101259146771	-0.0
-56.432959946101555	91.09092614412785	0.0
-41.19407621401736	55.1781131830125	0.0
-3.1032958511843844	-23.346914774890053	-4.9E-323
-45.8109618380433	-49.99343698087102	0.0
53.38055193599743	46.00873250294046	-0.0
74.95718472419642	2.061751416070237	0.0
-8.60445837138279	-26.913207644892495	-0.0
-28.936410198031354	43.45758858466667	0.0
-34.62415565762542	-51.08386714258118	0.0
-10.386654008059267	30.857465363154915	0.0
-54.127848775960395	-57.17086666328599	0.0
-72.42663548257504	71.00628614798018	-0.0
63.00801434383379	-90.02836809125967	0.0
-24.827094970118253	62.19638328093296	-0.0
-88.90814985750374	-27.355701723637125	0.0
-23.086609358964665	-46.25631259841556	-0.0
-7.940835706258937	-62.23585453780485	0.0
-50.66210928665116	-75.2465831274707	-0.0
-10.281081663409239	72.05021096995588	-0.0
53.87580906126644	-51.387568435493705	0.0
-88.2021853691956	88.06849408382786	-0.0
-83.09214580446447	-49.14622379931457	-0.0
78.58713134905767	21.141820622320708	-0.0
-97.74233253126698	98.90330950049801	-0.0
19.273014853275242	49.43038376266463	-0.0
-72.83018351251872	-38.54394888131978	0.0
15.644246710420745	-25.733018925361904	0.0
6.734092929807474	-76.46730303670972	-0.0
31.18365962729189	39.933150022812214	0.0
-24.593046633228838	56.589767766001984	-0.0
-49.09974731191029	90.93563058327157	0.0
-5.353657135022317	-23.27715964267321	0.0
-29.15662881763666	-30.18655337608007	0.0
-62.23872293386707	22.921698062927362	0.0
98.25219519579841	-30.74821782256211	0.0
52.48879398775651	96.80622750192919	-0.0
-64.38584955991638	-13.663984268698698	-0.0
29.87040154405983	-3.892169830067033	0.0
-40.09465838177313	52.79073390756585	-0.0
-52.72811036017946	-81.25712202907292	0.0
-23.574402200877273	-0.9707272371855851	-3.3695E-320
-86.71583919795647	-98.46592109265029	0.0
-65.86891859528264	24.50423146278024	0.0
92.2995884281122	-28.424617685536674	-0.0
6.627915950037149	17.454207716426268	-9.361318677177968E-96
0.4951907189017817	30.804201797145595	-0.0
1.5589053635196422	20.218877400242704	-4.302638439273204E-131
-68.863700524409	-97.44418477741081	0.0
34.38041343432653	-19.6905410359618	0.0
88.13928658870839	-70.30944429718318	-0.0
-57.161186141158105	3.431593730233658	0.0
-37.56045716753764	18.050908567584727	-0.0
-10.174125755828385	56.91404662721175	0.0
-0.3283799336510498	19.99438897752424	-1.0379844707680522E-129
36.98171123769254	-34.72550871515632	0.0
73.5496754439954	-73.88712150099542	0.0
-13.485650224965056	99.99208154803915	-0.0
42.035706790637875	39.123165150429884	0.0

3.1878328933150315	3.0970347315217177	-0.9938330321501103
3.260866545565665	3.0925932566066434	-0.9753506673706256
3.058641166333756	3.2470242007352224	-0.9733520716959864
3.2230902789166573	3.001434809562195	-0.9613034679005522
3.0265515796323994	3.268708914528492	-0.9568333996130908
3.2942973102321425	2.972328504148316	-0.9249014157320715
3.1842924630909	2.9165817512306003	-0.9241354826864697
3.212719692127054	2.9122891557685	-0.9169571539380725
3.273191282029787	3.3489070239850127	-0.913358327838651
2.9138868780370553	2.9881375822382656	-0.8928191362852186
2.97345839573571	2.901407945756174	-0.8787230454002949
3.42113271142508	3.3056797971971354	-0.853694892203641
3.334109557410301	3.411092697841333	-0.84780598057764
3.3349657417027343	3.4274042704707406	-0.835848128843543
3.493220844792492	3.1522731756922173	-0.8294833114168837
2.784340833035942	3.298176524841767	-0.7947902956006493
3.478827340686233	2.9371445552726057	-0.7909280218143788
2.869192105060747	2.8359479631454265	-0.7767434822494682
2.813105114216656	2.89135920265244	-0.7732810553997673
2.8061722521105232	3.4045323588385354	-0.7603627799908904
3.3443381247305455	3.5287406512936457	-0.7493292456302986
2.7524664404291816	3.3721755363166936	-0.7340985398386168
2.7113522304282904	2.978979550560333	-0.7258672006984243
3.534046623283719	2.869576975648738	-0.708541631931236
3.6205584584020865	3.144358387672375	-0.705535631895647
2.8937129279750367	3.630097779346142	-0.6341221637875312
2.836546746516747	3.600690161683178	-0.6310313883212777
3.4280053168086666	3.6352711298307554	-0.6098777365012771
3.047873514245741	3.7084799689921715	-0.603718554546714
2.8059099972263897	2.659617444733373	-0.5925249895694175
3.306246559771357	3.7195878695280933	-0.575757140730641
2.5364674447304862	3.123443716853209	-0.5699757612798275
2.6360515340073416	3.5632952240265148	-0.5175131871588529
3.542674156807059	2.6170687826824404	-0.5152751056380213
2.490927151608891	3.2472112628477	-0.5123916404517246
2.842765460047034	2.549738431774533	-0.5110133329000248
2.7128145310771243	3.6610287004756903	-0.5015750199201057
3.5551084336631456	2.602042439140389	-0.4949084386098862
3.542521585198711	3.713520995511972	-0.47530440839902766
3.600858747593084	2.5874673879485575	-0.45408657340455155
2.425101362997147	3.005429844747579	-0.4389324095902129
2.8119325338397267	3.803996143023079	-0.4315344491680556
3.858116414317739	2.9211834287131073	-0.4194902509899425
3.076501340181627	3.8871313817350597	-0.4187642606931082
3.790909842339068	2.7477879211521494	-0.41318519256846536
3.875262561312752	2.952250010141131	-0.41082455095767584
2.838084419043047	2.4159153987940187	-0.38450686834317616
2.360620574410242	3.0814842136366614	-0.38384937617082476
2.4704019191162483	2.707207981693944	-0.37487009242004277
3.476665288277973	3.8752484907171922	-0.3659841955083222
3.5276931381662466	2.431278874204081	-0.3653317409101674
3.9408256679032143	3.2800524985818824	-0.357663555425247
3.321954225503427	3.9392312962222995	-0.3520166006906494
2.634768087507796	2.482209648788575	-0.346021787007303
2.318508992162377	3.203701239900318	-0.3433618152621072
3.4609538755104654	2.371137236315768	-0.3398224302012229
3.3249443618149295	2.327327634221368	-0.33627043291851727
2.431744164018528	2.689320623885398	-0.33592618943713887
3.398250861505768	2.328537010805885	-0.32134234333335543
3.9799394507294665	2.9832833083860404	-0.31889253998560235
3.9617148783222724	3.385157477289148	-0.31840964657978815
3.63804422233506	3.873616343771088	-0.2991146155213944
3.3423197623704968	4.00979768120174	-0.28621730655648
2.2521087851124744	3.1594794575430116	-0.2853628432192888
2.255228868622802	3.0103642697802315	-0.2808334541556779
3.934059678921815	3.5827704436892036	-0.2788769612888473
3.373985289388245	2.270593402490438	-0.27807751499698585
2.562794115789388	2.435226940437013	-0.2765870075845763
4.03779304089661	3.0361438188721763	-0.27512283560992934
4.0285437871643115	2.870116726291643	-0.2574551953296586
2.439468879868831	3.7660543349697346	-0.2561599652512904
2.277803196707184	2.78299413407097	-0.25362275697022535
4.059541513833049	3.350658739794285	-0.24491641767605765
3.507238113092797	4.0259612738595445	-0.23686753616323677
3.8259026610317597	3.828935866193822	-0.23378327321701536
2.628525084230125	2.3213364550820965	-0.2330344438206301
2.245332865774168	3.5132283116831022	-0.22699003813737767
2.7376805940943885	2.254652119358388	-0.2247190642536939
2.8594694255752073	4.081949616896951	-0.2159557100231536
3.7089900919949668	2.32048043740816	-0.21220781058657973
3.7146858253009265	3.9656000090249197	-0.20841593057321542
3.6073942489967465	2.252424712439893	-0.2055254877185719
3.8424167898167956	2.413375415847795	-0.2054033363436383
4.11213686094239	3.362557522191506	-0.20462225246588356
4.1163382570455225	2.917870266952482	-0.20133645200775255
4.109691049141574	2.8680627169965702	-0.19838437924007446
2.2566143707312807	3.6484976243980047	-0.19566959926092595
4.099705835997503	3.467757078293821	-0.19557734914960645
2.9773297334935687	4.137660598572765	-0.19355086109662462
2.1321456459764407	3.1399999098864937	-0.19214965553367028
2.1487326909172246	3.3556560413935035	-0.19027669981987858
4.15432470927516	3.1623598575644145	-0.18975718452419998
3.9016618486544568	3.850711872826335	-0.18669685432774155
3.5826302059051267	2.2090855364561404	-0.1859122914958033
3.9249585871912096	2.4533217041403073	-0.18447378650412058
3.69129973767965	2.256855913342922	-0.18253438087576723
3.3868549816198703	2.132959539461933	-0.17603398641428816
4.177253827723453	3.2133042976257666	-0.17312552112864343
2.4484983882331006	2.337257004031629	-0.17281743005786662
3.975273945063679	2.484734293607011	-0.17255210206568233

